[
[20,21],[21,45],[45,41],[41,17],[17,16],[16,40],[40,44],[44,20],
[8,32],[32,33],[33,9],[9,11],[11,35],[35,34],[34,10],[10,8],
[22,23],[23,47],[47,43],[43,19],[19,18],[18,42],[42,46],[46,22],
[36,37],[37,13],[13,15],[15,39],[39,38],[38,14],[14,12],[12,36],
[0,4],[4,28],[28,30],[30,6],[6,2],[2,26],[26,24],[24,0],
[5,1],[1,25],[25,27],[27,3],[3,7],[7,31],[31,29],[29,5],
[4,44],[20,36],[12,28],
[14,30],[6,46],[22,38],
[2,42],[26,10],[18,34],
[0,40],[16,32],[8,24],
[37,21],[45,5],[29,13],
[27,11],[35,19],[3,43],
[39,23],[7,47],[15,31],
[1,41],[17,33],[25,9]
]
